Percept index:0 
 
[ 2.1342106   1.6271433  -0.03143517 -0.1702262   0.01694982  0.04477621
 -0.04972635 -0.04825596 -0.04825597] 
 
 Percept index:1 
 
[ 1.6105945   2.205402   -0.1995938  -0.1538784   0.01513052 -0.01812894
 -0.00728504 -0.03578594 -0.03578592] 
 
 Percept index:2 
 
[ 1.5698045   1.5698045  -0.63459677  0.22206037 -0.08440014  0.00803151
  0.05115981  0.00728771  0.00728771] 
 
 Percept index:3 
 
[ 2.1795936   1.5738785  -0.05651317  0.0033434  -0.16056207  0.05541528
 -0.08829764  0.01459279  0.0145928 ] 
 
 Percept index:4 
 
[ 1.6981536e+00  2.0960407e+00  2.2248989e-04  1.8067444e-02
 -2.0578165e-01 -1.9709477e-03 -5.8665883e-02  8.4121181e-03
  8.4121237e-03] 
 
 Percept index:5 
 
[ 1.6507542   1.6507542  -0.63459677  0.005372    0.11322708  0.01375351
  0.04075846 -0.01841494 -0.01841495] 
 
 Percept index:6 
 
[ 2.1488352   1.6612575  -0.02637565 -0.06536992 -0.06536992 -0.01623951
 -0.01623951 -0.03545028 -0.03545024] 
 
 Percept index:7 
 
[ 1.6026905e+00  2.1362553e+00 -4.6029296e-03 -3.4721375e-02
 -3.4721393e-02 -4.0307231e-02 -4.0307220e-02 -6.8646285e-04
 -6.8646204e-04] 
 
 Percept index:8 
 
[ 1.5726974   1.5726974  -0.6345967   0.05228002  0.05228003  0.04301099
  0.04301103  0.00711303  0.00711305] 
 
 Percept index:9 
 
[ 2.0997355   1.7584953  -0.0642956  -0.19708128  0.02512559 -0.03287121
 -0.03287121 -0.02216469 -0.03168754] 
 
 Percept index:10 
 
[ 1.5745808   2.205402   -0.1878927  -0.13703468 -0.00537765  0.00301469
  0.00301469 -0.03687609 -0.01619345] 
 
 Percept index:11 
 
[ 1.5379307e+00  1.5379307e+00 -6.3459677e-01  2.1696731e-01
 -9.8178713e-03 -4.4278201e-02 -4.4278197e-02  8.0304399e-02
  1.0160470e-03] 
 
 Percept index:12 
 
[ 2.1252327   1.6781818  -0.05893866 -0.03806785 -0.16050869 -0.00953244
 -0.00953241 -0.06044699  0.00409178] 
 
 Percept index:13 
 
[ 1.5588164   2.1762252  -0.0386347  -0.01737415 -0.17327009 -0.00524664
 -0.00524665 -0.04659183 -0.00386512] 
 
 Percept index:14 
 
[ 1.5586789   1.5586789  -0.63459677 -0.00164673  0.18868297 -0.06137531
 -0.06137531  0.09171323  0.00469399] 
 
 Percept index:15 
 
[ 2.1544113   1.5631617   0.03508276 -0.07856314 -0.07856315 -0.04807347
  0.0101915  -0.03919746 -0.00750002] 
 
 Percept index:16 
 
[ 1.6747174e+00  2.1292655e+00  2.0002266e-02 -9.9609002e-02
 -9.9609017e-02 -4.0474866e-02  1.4261445e-03 -3.3846084e-02
 -1.0056408e-02] 
 
 Percept index:17 
 
[ 1.5953131e+00  1.5953131e+00 -6.3459671e-01  7.3216975e-02
  7.3216975e-02  3.1763054e-02 -5.2567723e-04  3.8208928e-02
 -7.2493516e-03] 
 
 Percept index:18 
 
[ 2.1794648   1.5684626  -0.05692501 -0.14720467 -0.01116034 -0.04012543
 -0.04012546 -0.00260435 -0.01491456] 
 
 Percept index:19 
 
[ 1.6612817   2.1506684  -0.02612156 -0.15372051 -0.02561198 -0.02799115
 -0.02799116 -0.0186721  -0.02616742] 
 
 Percept index:20 
 
[ 1.5568911   1.5568911  -0.63459677  0.17700134  0.00487307 -0.02622302
 -0.02622301 -0.01668824  0.08110809] 
 
 Percept index:21 
 
[ 2.1464770e+00  1.5614549e+00  4.0259097e-02  4.1747978e-03
 -1.7852694e-01 -2.0303646e-02 -2.0303590e-02 -7.9121976e-04
 -4.6939496e-02] 
 
 Percept index:22 
 
[ 1.6360713   2.1216478  -0.02651137  0.00451758 -0.18535115  0.01513058
  0.01513058  0.01404152 -0.08012097] 
 
 Percept index:23 
 
[ 1.5238081e+00  1.5238081e+00 -6.3459677e-01  8.4116479e-04
  2.0706794e-01  2.7640164e-02  2.7640175e-02 -1.7765073e-02
  5.9543904e-02] 
 
 Percept index:24 
 
[ 2.1368606   1.6995455  -0.07908586 -0.06235242 -0.06235239 -0.044404
  0.00672562  0.00572407 -0.04985171] 
 
 Percept index:25 
 
[ 1.7252547   2.106738   -0.01584922 -0.10810238 -0.1081024  -0.0260892
 -0.01300513 -0.03544607 -0.01637256] 
 
 Percept index:26 
 
[ 1.5653379   1.5653379  -0.63459677  0.09670611  0.0967061   0.03513825
  0.01011667 -0.00490931  0.03814458] 
 
 