Percept index:0 
 
[[ 8.8435151e-02  6.1433399e-01  7.8539819e-01  7.8539819e-01
   7.8539819e-01  7.8539819e-01  7.8539819e-01  7.8539819e-01
   7.8539819e-01]
 [ 1.9862051e-01  7.8510296e-01 -3.3241190e-02 -2.2433134e-04
   7.8539819e-01  7.8539819e-01  7.8539819e-01  7.8539819e-01
   7.8539819e-01]
 [ 1.9264609e+00  1.9958921e-04 -1.1668377e-01  5.5693253e-04
  -8.0059515e-03  1.5702933e+00 -4.8255965e-02  6.1244303e-01
   7.8539819e-01]
 [ 1.9360665e+00  1.2016365e-03  7.8539819e-01  7.8539819e-01
   7.8539819e-01  7.8539819e-01  7.8539819e-01  7.8539819e-01
   7.8539819e-01]] 
 
 Percept index:1 
 
[[ 7.0217013e-02  6.1381721e-01  7.8539819e-01  7.8539819e-01
   7.8539819e-01  7.8539819e-01  7.8539819e-01  7.8539819e-01
   7.8539819e-01]
 [ 1.7049061e-01  7.8567034e-01 -4.3504711e-02 -4.0807304e-04
   7.8539819e-01  7.8539819e-01  7.8539819e-01  7.8539819e-01
   7.8539819e-01]
 [ 1.8231783e+00  4.3462199e-04 -8.6043000e-02 -1.3102776e-03
  -1.3938109e-02  1.5706857e+00 -3.5785954e-02  8.3698493e-01
   7.8539819e-01]
 [ 1.9838424e+00  1.5713781e+00  7.8539819e-01  7.8539819e-01
   7.8539819e-01  7.8539819e-01  7.8539819e-01  7.8539819e-01
   7.8539819e-01]] 
 
 Percept index:2 
 
[[-1.0970061e-01  6.1550879e-01  7.8539819e-01  7.8539819e-01
   7.8539819e-01  7.8539819e-01  7.8539819e-01  7.8539819e-01
   7.8539819e-01]
 [-1.9797306e-01  7.8522605e-01  2.0270223e-02  1.6427506e-03
   7.8539819e-01  7.8539819e-01  7.8539819e-01  7.8539819e-01
   7.8539819e-01]
 [ 1.4130548e+00  1.5705200e+00  8.5459404e-02 -1.0925543e-03
   4.2047594e-02  1.5714293e+00  7.2877593e-03  7.8479952e-01
   7.8539819e-01]
 [ 1.5698045e+00  8.7221956e-01  7.8539819e-01  7.8539819e-01
   7.8539819e-01  7.8539819e-01  7.8539819e-01  7.8539819e-01
   7.8539819e-01]] 
 
 Percept index:3 
 
[[ 1.0414240e-01  6.1738271e-01  7.8539819e-01  7.8539819e-01
   7.8539819e-01  7.8539819e-01  7.8539819e-01  7.8539819e-01
   7.8539819e-01]
 [ 1.7313981e-01  7.8512836e-01 -7.8951726e-03 -1.6443334e-03
   7.8539819e-01  7.8539819e-01  7.8539819e-01  7.8539819e-01
   7.8539819e-01]
 [ 1.8731116e+00  2.0541409e-03 -1.1745615e-01  1.5700583e+00
  -1.6995667e-02  1.5696044e+00  1.4592794e-02  7.6152539e-01
   7.8539819e-01]
 [ 1.9415971e+00  6.3845946e-05  7.8539819e-01  7.8539819e-01
   7.8539819e-01  7.8539819e-01  7.8539819e-01  7.8539819e-01
   7.8539819e-01]] 
 
 Percept index:4 
 
[[ 1.1068593e-01  6.1342043e-01  7.8539819e-01  7.8539819e-01
   7.8539819e-01  7.8539819e-01  7.8539819e-01  7.8539819e-01
   7.8539819e-01]
 [ 2.0925620e-01  7.8527188e-01 -1.2575755e-02  2.4046603e-04
   7.8539819e-01  7.8539819e-01  7.8539819e-01  7.8539819e-01
   7.8539819e-01]
 [ 1.9281242e+00 -1.1867640e-03 -1.1325328e-01  1.5714564e+00
  -4.0389359e-02  1.5701293e+00  8.4121246e-03  1.1602672e+00
   7.8539819e-01]
 [ 1.9353676e+00  1.5722603e+00  7.8539819e-01  7.8539819e-01
   7.8539819e-01  7.8539819e-01  7.8539819e-01  7.8539819e-01
   7.8539819e-01]] 
 
 Percept index:5 
 
[[-7.9338729e-02  6.2290156e-01  7.8539819e-01  7.8539819e-01
   7.8539819e-01  7.8539819e-01  7.8539819e-01  7.8539819e-01
   7.8539819e-01]
 [-1.2381655e-01  7.8718793e-01  1.9098234e-03  9.0282119e-04
   7.8539819e-01  7.8539819e-01  7.8539819e-01  7.8539819e-01
   7.8539819e-01]
 [ 1.4598234e+00  1.5701431e+00  9.2375420e-02  1.5713539e+00
   3.2119349e-02  1.5704408e+00 -1.8414954e-02  7.0777339e-01
   7.8539819e-01]
 [ 1.6507542e+00  9.8826283e-01  7.8539819e-01  7.8539819e-01
   7.8539819e-01  7.8539819e-01  7.8539819e-01  7.8539819e-01
   7.8539819e-01]] 
 
 Percept index:6 
 
[[ 8.5592292e-02  9.5595920e-01  7.8539819e-01  7.8539819e-01
   7.8539819e-01  7.8539819e-01  7.8539819e-01  7.8539819e-01
   7.8539819e-01]
 [ 1.7213133e-01 -1.1308811e-03 -5.3091124e-02  4.5340264e-04
   7.8539819e-01  7.8539819e-01  7.8539819e-01  7.8539819e-01
   7.8539819e-01]
 [ 1.9241872e+00  1.2123378e-03 -6.5369889e-02  6.5710443e-01
  -1.6239513e-02  7.8458631e-01 -3.5450280e-02  1.0352057e+00
   7.8539819e-01]
 [ 1.9562616e+00 -1.3619034e-03  7.8539819e-01  7.8539819e-01
   7.8539819e-01  7.8539819e-01  7.8539819e-01  7.8539819e-01
   7.8539819e-01]] 
 
 Percept index:7 
 
[[ 1.1687129e-01  9.5557737e-01  7.8539819e-01  7.8539819e-01
   7.8539819e-01  7.8539819e-01  7.8539819e-01  7.8539819e-01
   7.8539819e-01]
 [ 1.8251285e-01 -1.2991953e-03 -3.5592243e-02 -5.0322758e-04
   7.8539819e-01  7.8539819e-01  7.8539819e-01  7.8539819e-01
   7.8539819e-01]
 [ 1.8933269e+00 -7.2075514e-04 -3.4721389e-02  6.5119988e-01
  -4.0307231e-02  7.8530985e-01 -6.8646541e-04  6.3667154e-01
   7.8539819e-01]
 [ 1.9560686e+00  1.5709532e+00  7.8539819e-01  7.8539819e-01
   7.8539819e-01  7.8539819e-01  7.8539819e-01  7.8539819e-01
   7.8539819e-01]] 
 
 Percept index:8 
 
[[-1.3180131e-01  9.5352155e-01  7.8539819e-01  7.8539819e-01
   7.8539819e-01  7.8539819e-01  7.8539819e-01  7.8539819e-01
   7.8539819e-01]
 [-2.2246221e-01 -6.4696348e-04  3.9623447e-02  1.1132831e-03
   7.8539819e-01  7.8539819e-01  7.8539819e-01  7.8539819e-01
   7.8539819e-01]
 [ 1.3998390e+00  1.5719419e+00  5.2280020e-02  7.6551521e-01
   4.3011010e-02  7.8614205e-01  7.1130325e-03  7.8728241e-01
   7.8539819e-01]
 [ 1.5726974e+00  1.0486690e+00  7.8539819e-01  7.8539819e-01
   7.8539819e-01  7.8539819e-01  7.8539819e-01  7.8539819e-01
   7.8539819e-01]] 
 
 Percept index:9 
 
[[ 9.0395533e-02  6.1263019e-01  7.8539819e-01  7.8539819e-01
   7.8539819e-01  7.8539819e-01  7.8539819e-01  7.8539819e-01
   7.8539819e-01]
 [ 2.1939778e-01  7.8469545e-01 -3.7851635e-02  1.5708851e+00
   7.8539819e-01  7.8539819e-01  7.8539819e-01  7.8539819e-01
   7.8539819e-01]
 [ 1.9113001e+00  6.5270840e-04 -1.1546167e-01  5.5040684e-05
  -3.2871194e-02  5.0625569e-01 -3.4637447e-02 -2.4635837e-04
   7.8539819e-01]
 [ 1.9619195e+00  4.3208236e-04  7.8539819e-01  7.8539819e-01
   7.8539819e-01  7.8539819e-01  7.8539819e-01  7.8539819e-01
   7.8539819e-01]] 
 
 Percept index:10 
 
[[ 8.4217250e-02  6.1530662e-01  7.8539819e-01  7.8539819e-01
   7.8539819e-01  7.8539819e-01  7.8539819e-01  7.8539819e-01
   7.8539819e-01]
 [ 1.4757626e-01  7.8099567e-01 -2.2770768e-02  1.5701780e+00
   7.8539819e-01  7.8539819e-01  7.8539819e-01  7.8539819e-01
   7.8539819e-01]
 [ 1.8608928e+00  1.2574310e-06 -9.5058784e-02  5.2484893e-04
   3.0146923e-03  7.2674984e-01 -1.9598603e-02  2.2668140e-04
   7.8539819e-01]
 [ 1.9689813e+00  1.5688323e+00  7.8539819e-01  7.8539819e-01
   7.8539819e-01  7.8539819e-01  7.8539819e-01  7.8539819e-01
   7.8539819e-01]] 
 
 Percept index:11 
 
[[-1.5997435e-01  6.1402535e-01  7.8539819e-01  7.8539819e-01
   7.8539819e-01  7.8539819e-01  7.8539819e-01  7.8539819e-01
   7.8539819e-01]
 [-1.9203362e-01  7.8898907e-01  1.9310800e-03  1.5692776e+00
   7.8539819e-01  7.8539819e-01  7.8539819e-01  7.8539819e-01
   7.8539819e-01]
 [ 1.3817468e+00  1.5705373e+00  1.3018139e-01 -3.5385921e-04
  -4.4278204e-02  8.2772607e-01  6.8508901e-02 -2.7895046e-03
   7.8539819e-01]
 [ 1.5379307e+00  7.7856481e-01  7.8539819e-01  7.8539819e-01
   7.8539819e-01  7.8539819e-01  7.8539819e-01  7.8539819e-01
   7.8539819e-01]] 
 
 Percept index:12 
 
[[ 1.1183034e-01  6.1653107e-01  7.8539819e-01  7.8539819e-01
   7.8539819e-01  7.8539819e-01  7.8539819e-01  7.8539819e-01
   7.8539819e-01]
 [ 1.8089442e-01  7.8659654e-01 -2.3111427e-02  1.5718426e+00
   7.8539819e-01  7.8539819e-01  7.8539819e-01  7.8539819e-01
   7.8539819e-01]
 [ 1.8955588e+00  2.1186485e-03 -1.3787195e-01  1.5705285e+00
  -9.5324442e-03  6.8436342e-01 -3.2547735e-02  6.0035748e-04
   7.8539819e-01]
 [ 1.9627420e+00 -6.0588866e-04  7.8539819e-01  7.8539819e-01
   7.8539819e-01  7.8539819e-01  7.8539819e-01  7.8539819e-01
   7.8539819e-01]] 
 
 Percept index:13 
 
[[ 8.3734937e-02  6.1792636e-01  7.8539819e-01  7.8539819e-01
   7.8539819e-01  7.8539819e-01  7.8539819e-01  7.8539819e-01
   7.8539819e-01]
 [ 1.8462791e-01  7.8286779e-01 -1.9667108e-02  1.5717652e+00
   7.8539819e-01  7.8539819e-01  7.8539819e-01  7.8539819e-01
   7.8539819e-01]
 [ 1.8980191e+00  2.2610977e-05 -9.4171263e-02  1.5698212e+00
  -5.2466565e-03  8.6791480e-01 -2.5995862e-02  8.4601145e-04
   7.8539819e-01]
 [ 1.9438212e+00  1.5690182e+00  7.8539819e-01  7.8539819e-01
   7.8539819e-01  7.8539819e-01  7.8539819e-01  7.8539819e-01
   7.8539819e-01]] 
 
 Percept index:14 
 
[[-1.3449717e-01  6.1146420e-01  7.8539819e-01  7.8539819e-01
   7.8539819e-01  7.8539819e-01  7.8539819e-01  7.8539819e-01
   7.8539819e-01]
 [-1.7377211e-01  7.8289115e-01 -1.8056765e-02  1.5707290e+00
   7.8539819e-01  7.8539819e-01  7.8539819e-01  7.8539819e-01
   7.8539819e-01]
 [ 1.3924980e+00  1.5699028e+00  1.2704709e-01  1.5704007e+00
  -6.1375301e-02  8.9673036e-01  6.5283090e-02 -4.0653453e-04
   7.8539819e-01]
 [ 1.5586789e+00  8.2788152e-01  7.8539819e-01  7.8539819e-01
   7.8539819e-01  7.8539819e-01  7.8539819e-01  7.8539819e-01
   7.8539819e-01]] 
 
 Percept index:15 
 
[[ 9.6375041e-02  9.5647663e-01  7.8539819e-01  7.8539819e-01
   7.8539819e-01  7.8539819e-01  7.8539819e-01  7.8539819e-01
   7.8539819e-01]
 [ 1.6938575e-01 -1.5406596e-04 -3.4280032e-02  7.9156470e-01
   7.8539819e-01  7.8539819e-01  7.8539819e-01  7.8539819e-01
   7.8539819e-01]
 [ 1.9124564e+00 -1.2406565e-03 -7.8563169e-02  8.3227360e-01
  -1.5068135e-02  4.0811874e-04 -2.3487842e-02  4.2937035e-04
   7.8539819e-01]
 [ 1.9417498e+00 -2.8785970e-04  7.8539819e-01  7.8539819e-01
   7.8539819e-01  7.8539819e-01  7.8539819e-01  7.8539819e-01
   7.8539819e-01]] 
 
 Percept index:16 
 
[[ 1.0081629e-01  9.5717263e-01  7.8539819e-01  7.8539819e-01
   7.8539819e-01  7.8539819e-01  7.8539819e-01  7.8539819e-01
   7.8539819e-01]
 [ 1.7100213e-01 -3.3019096e-04 -3.8185682e-02  7.8449219e-01
   7.8539819e-01  7.8539819e-01  7.8539819e-01  7.8539819e-01
   7.8539819e-01]
 [ 1.9284028e+00 -4.7862725e-04 -9.9608980e-02  7.9060292e-01
  -2.1097239e-02  2.4321704e-04 -3.4363132e-02  1.7444475e-03
   7.8539819e-01]
 [ 1.9555398e+00  1.5696537e+00  7.8539819e-01  7.8539819e-01
   7.8539819e-01  7.8539819e-01  7.8539819e-01  7.8539819e-01
   7.8539819e-01]] 
 
 Percept index:17 
 
[[-9.1831684e-02  9.5459527e-01  7.8539819e-01  7.8539819e-01
   7.8539819e-01  7.8539819e-01  7.8539819e-01  7.8539819e-01
   7.8539819e-01]
 [-1.7798619e-01 -5.3935964e-04  3.1696565e-02  7.8488678e-01
   7.8539819e-01  7.8539819e-01  7.8539819e-01  7.8539819e-01
   7.8539819e-01]
 [ 1.4118737e+00  1.5724969e+00  7.3216997e-02  7.6461285e-01
   2.7154094e-02 -2.8959417e-04  1.4210938e-02 -5.1900389e-04
   7.8539819e-01]
 [ 1.5953131e+00  7.5471681e-01  7.8539819e-01  7.8539819e-01
   7.8539819e-01  7.8539819e-01  7.8539819e-01  7.8539819e-01
   7.8539819e-01]] 
 
 Percept index:18 
 
[[ 7.6236166e-02  6.1755872e-01  7.8539819e-01  7.8539819e-01
   7.8539819e-01  7.8539819e-01  7.8539819e-01  7.8539819e-01
   7.8539819e-01]
 [ 1.7340206e-01  7.8781003e-01 -4.0743813e-02  1.5692635e+00
   7.8539819e-01  7.8539819e-01  7.8539819e-01  7.8539819e-01
   7.8539819e-01]
 [ 1.9028053e+00 -3.8373534e-04 -1.0081286e-01  3.5787406e-04
  -4.0125422e-02  7.2092998e-01 -1.7920496e-02  1.5710789e+00
   7.8539819e-01]
 [ 1.9561180e+00 -5.5758585e-04  7.8539819e-01  7.8539819e-01
   7.8539819e-01  7.8539819e-01  7.8539819e-01  7.8539819e-01
   7.8539819e-01]] 
 
 Percept index:19 
 
[[ 9.3708470e-02  6.1750197e-01  7.8539819e-01  7.8539819e-01
   7.8539819e-01  7.8539819e-01  7.8539819e-01  7.8539819e-01
   7.8539819e-01]
 [ 1.7717339e-01  7.8451025e-01 -4.5210425e-02  1.5708851e+00
   7.8539819e-01  7.8539819e-01  7.8539819e-01  7.8539819e-01
   7.8539819e-01]
 [ 1.9000503e+00  4.8885617e-04 -1.1726696e-01 -9.6065999e-04
  -2.7991163e-02  6.0877210e-01 -2.1000786e-02  1.5712271e+00
   7.8539819e-01]
 [ 1.9625356e+00  1.5715863e+00  7.8539819e-01  7.8539819e-01
   7.8539819e-01  7.8539819e-01  7.8539819e-01  7.8539819e-01
   7.8539819e-01]] 
 
 Percept index:20 
 
[[-1.3107398e-01  6.1127383e-01  7.8539819e-01  7.8539819e-01
   7.8539819e-01  7.8539819e-01  7.8539819e-01  7.8539819e-01
   7.8539819e-01]
 [-1.6773999e-01  7.8385228e-01 -1.2424854e-02  1.5732639e+00
   7.8539819e-01  7.8539819e-01  7.8539819e-01  7.8539819e-01
   7.8539819e-01]
 [ 1.3895571e+00  1.5710442e+00  1.1957041e-01 -7.1951997e-04
  -2.6222967e-02  7.8214777e-01  5.8800656e-02  1.5700377e+00
   7.8539819e-01]
 [ 1.5568911e+00  6.3692802e-01  7.8539819e-01  7.8539819e-01
   7.8539819e-01  7.8539819e-01  7.8539819e-01  7.8539819e-01
   7.8539819e-01]] 
 
 Percept index:21 
 
[[ 9.96597558e-02  6.17331862e-01  7.85398185e-01  7.85398185e-01
   7.85398185e-01  7.85398185e-01  7.85398185e-01  7.85398185e-01
   7.85398185e-01]
 [ 2.04566643e-01  7.85641491e-01 -2.84644049e-02  1.57114744e+00
   7.85398185e-01  7.85398185e-01  7.85398185e-01  7.85398185e-01
   7.85398185e-01]
 [ 1.89550710e+00 -7.34320318e-04 -1.23278886e-01  1.57089186e+00
  -2.03036200e-02  5.83836973e-01 -2.21148562e-02  1.57019770e+00
   7.85398185e-01]
 [ 1.93134654e+00 -1.08760106e-03  7.85398185e-01  7.85398185e-01
   7.85398185e-01  7.85398185e-01  7.85398185e-01  7.85398185e-01
   7.85398185e-01]] 
 
 Percept index:22 
 
[[ 1.21840194e-01  6.16457939e-01  7.85398185e-01  7.85398185e-01
   7.85398185e-01  7.85398185e-01  7.85398185e-01  7.85398185e-01
   7.85398185e-01]
 [ 2.09244937e-01  7.85999656e-01  4.86542098e-03  1.57165551e+00
   7.85398185e-01  7.85398185e-01  7.85398185e-01  7.85398185e-01
   7.85398185e-01]
 [ 1.89152408e+00  1.14424725e-03 -1.36196941e-01  1.57106900e+00
   1.51305823e-02  8.36178541e-01 -4.37716097e-02  1.57083714e+00
   7.85398185e-01]
 [ 1.94204843e+00  1.56978285e+00  7.85398185e-01  7.85398185e-01
   7.85398185e-01  7.85398185e-01  7.85398185e-01  7.85398185e-01
   7.85398185e-01]] 
 
 Percept index:23 
 
[[-0.1345516   0.61093086  0.7853982   0.7853982   0.7853982   0.7853982
   0.7853982   0.7853982   0.7853982 ]
 [-0.21368265  0.7873544   0.03367138  1.5716386   0.7853982   0.7853982
   0.7853982   0.7853982   0.7853982 ]
 [ 1.3660977   1.568432    0.1408083   1.570221    0.02764018  0.78385967
   0.03940891  1.5723602   0.7853982 ]
 [ 1.5238081   1.0425177   0.7853982   0.7853982   0.7853982   0.7853982
   0.7853982   0.7853982   0.7853982 ]] 
 
 Percept index:24 
 
[[ 1.0826049e-01  9.5411950e-01  7.8539819e-01  7.8539819e-01
   7.8539819e-01  7.8539819e-01  7.8539819e-01  7.8539819e-01
   7.8539819e-01]
 [ 1.8313649e-01 -4.2290988e-04 -3.3281215e-02  7.8597462e-01
   7.8539819e-01  7.8539819e-01  7.8539819e-01  7.8539819e-01
   7.8539819e-01]
 [ 1.8761554e+00  1.1750520e-03 -6.2352385e-02  6.7252898e-01
  -2.9255271e-02  1.7801742e-04 -2.4423329e-02  1.5715722e+00
   7.8539819e-01]
 [ 1.9740316e+00 -1.1240053e-03  7.8539819e-01  7.8539819e-01
   7.8539819e-01  7.8539819e-01  7.8539819e-01  7.8539819e-01
   7.8539819e-01]] 
 
 Percept index:25 
 
[[ 8.3536714e-02  9.5156634e-01  7.8539819e-01  7.8539819e-01
   7.8539819e-01  7.8539819e-01  7.8539819e-01  7.8539819e-01
   7.8539819e-01]
 [ 1.7650288e-01 -1.1304634e-03 -3.6145858e-02  7.9160506e-01
   7.8539819e-01  7.8539819e-01  7.8539819e-01  7.8539819e-01
   7.8539819e-01]
 [ 1.9402609e+00  2.3087468e-03 -1.0810241e-01  9.3595529e-01
  -2.2732921e-02  7.5662159e-05 -3.4086917e-02  1.5704091e+00
   7.8539819e-01]
 [ 1.9877703e+00  1.5705993e+00  7.8539819e-01  7.8539819e-01
   7.8539819e-01  7.8539819e-01  7.8539819e-01  7.8539819e-01
   7.8539819e-01]] 
 
 Percept index:26 
 
[[-9.1500744e-02  9.5643324e-01  7.8539819e-01  7.8539819e-01
   7.8539819e-01  7.8539819e-01  7.8539819e-01  7.8539819e-01
   7.8539819e-01]
 [-1.8725239e-01  1.1981585e-04  3.4792170e-02  7.8417182e-01
   7.8539819e-01  7.8539819e-01  7.8539819e-01  7.8539819e-01
   7.8539819e-01]
 [ 1.4034734e+00  1.5700452e+00  9.6706100e-02  7.8920484e-01
   2.4253359e-02 -1.6150763e-05  2.2892740e-02  1.5713211e+00
   7.8539819e-01]
 [ 1.5653379e+00  8.3572865e-01  7.8539819e-01  7.8539819e-01
   7.8539819e-01  7.8539819e-01  7.8539819e-01  7.8539819e-01
   7.8539819e-01]] 
 
 