1.000000000000000000e+00
1.000000000000000000e+00
9.979999999999999982e-01
9.959999999999999964e-01
9.939999999999999947e-01
9.979999999999999982e-01
9.959999999999999964e-01
1.000000000000000000e+00
9.979999999999999982e-01
9.899999999999999911e-01
1.000000000000000000e+00
9.979999999999999982e-01
9.979999999999999982e-01
1.000000000000000000e+00
9.919999999999999929e-01
1.000000000000000000e+00
1.000000000000000000e+00
9.979999999999999982e-01
1.000000000000000000e+00
1.000000000000000000e+00
1.000000000000000000e+00
1.000000000000000000e+00
9.899999999999999911e-01
9.979999999999999982e-01
1.000000000000000000e+00
9.979999999999999982e-01
9.919999999999999929e-01
