6.300000000000000044e-01
7.059999999999999609e-01
7.239999999999999769e-01
7.520000000000000018e-01
8.020000000000000462e-01
8.419999999999999707e-01
8.459999999999999742e-01
8.639999999999999902e-01
8.299999999999999600e-01
8.219999999999999529e-01
8.499999999999999778e-01
8.279999999999999583e-01
8.679999999999999938e-01
8.659999999999999920e-01
8.679999999999999938e-01
8.619999999999999885e-01
8.599999999999999867e-01
8.539999999999999813e-01
8.639999999999999902e-01
8.980000000000000204e-01
8.519999999999999796e-01
8.760000000000000009e-01
8.539999999999999813e-01
8.860000000000000098e-01
9.080000000000000293e-01
8.900000000000000133e-01
8.880000000000000115e-01
8.880000000000000115e-01
8.900000000000000133e-01
9.080000000000000293e-01
9.240000000000000435e-01
9.419999999999999485e-01
9.539999999999999591e-01
9.379999999999999449e-01
9.719999999999999751e-01
9.899999999999999911e-01
9.959999999999999964e-01
9.899999999999999911e-01
9.879999999999999893e-01
9.959999999999999964e-01
1.000000000000000000e+00
9.979999999999999982e-01
1.000000000000000000e+00
9.939999999999999947e-01
1.000000000000000000e+00
9.979999999999999982e-01
9.979999999999999982e-01
9.979999999999999982e-01
1.000000000000000000e+00
1.000000000000000000e+00
9.979999999999999982e-01
1.000000000000000000e+00
1.000000000000000000e+00
9.959999999999999964e-01
9.979999999999999982e-01
9.979999999999999982e-01
1.000000000000000000e+00
1.000000000000000000e+00
1.000000000000000000e+00
1.000000000000000000e+00
1.000000000000000000e+00
9.979999999999999982e-01
9.979999999999999982e-01
1.000000000000000000e+00
1.000000000000000000e+00
1.000000000000000000e+00
1.000000000000000000e+00
1.000000000000000000e+00
9.979999999999999982e-01
9.979999999999999982e-01
1.000000000000000000e+00
1.000000000000000000e+00
9.979999999999999982e-01
9.979999999999999982e-01
9.979999999999999982e-01
9.959999999999999964e-01
9.959999999999999964e-01
9.979999999999999982e-01
9.979999999999999982e-01
1.000000000000000000e+00
