4.990000000000000000e+02
9.990000000000000000e+02
1.499000000000000000e+03
1.999000000000000000e+03
2.499000000000000000e+03
2.999000000000000000e+03
3.499000000000000000e+03
3.999000000000000000e+03
4.499000000000000000e+03
4.999000000000000000e+03
5.499000000000000000e+03
5.999000000000000000e+03
6.499000000000000000e+03
6.999000000000000000e+03
7.499000000000000000e+03
7.999000000000000000e+03
8.499000000000000000e+03
8.999000000000000000e+03
9.499000000000000000e+03
9.999000000000000000e+03
1.049900000000000000e+04
1.099900000000000000e+04
1.149900000000000000e+04
1.199900000000000000e+04
1.249900000000000000e+04
1.299900000000000000e+04
1.349900000000000000e+04
1.399900000000000000e+04
1.449900000000000000e+04
1.499900000000000000e+04
1.549900000000000000e+04
1.599900000000000000e+04
1.649900000000000000e+04
1.699900000000000000e+04
1.749900000000000000e+04
1.799900000000000000e+04
1.849900000000000000e+04
1.899900000000000000e+04
1.949900000000000000e+04
1.999900000000000000e+04
2.049900000000000000e+04
2.099900000000000000e+04
2.149900000000000000e+04
2.199900000000000000e+04
2.249900000000000000e+04
2.299900000000000000e+04
2.349900000000000000e+04
2.399900000000000000e+04
2.449900000000000000e+04
2.499900000000000000e+04
2.549900000000000000e+04
2.599900000000000000e+04
2.649900000000000000e+04
2.699900000000000000e+04
2.749900000000000000e+04
2.799900000000000000e+04
2.849900000000000000e+04
2.899900000000000000e+04
2.949900000000000000e+04
2.999900000000000000e+04
3.049900000000000000e+04
3.099900000000000000e+04
3.149900000000000000e+04
3.199900000000000000e+04
3.249900000000000000e+04
3.299900000000000000e+04
3.349900000000000000e+04
3.399900000000000000e+04
3.449900000000000000e+04
3.499900000000000000e+04
3.549900000000000000e+04
3.599900000000000000e+04
3.649900000000000000e+04
3.699900000000000000e+04
3.749900000000000000e+04
3.799900000000000000e+04
3.849900000000000000e+04
3.899900000000000000e+04
3.949900000000000000e+04
3.999900000000000000e+04
