7.715269804822043609e-01
8.195067264573990817e-01
8.389731621936989958e-01
8.662351672060409902e-01
8.890134529147981635e-01
9.078179696616102134e-01
9.018338727076591343e-01
9.219288174512054734e-01
9.076086956521739468e-01
8.935406698564593020e-01
9.231557377049179891e-01
8.949152542372881269e-01
9.303797468354430000e-01
9.254727474972190837e-01
9.260089686098654793e-01
9.232480533926584743e-01
9.215246636771300404e-01
9.218415417558886160e-01
9.172749391727493817e-01
9.453961456102784044e-01
9.136522753792298834e-01
9.276546091015168694e-01
9.181614349775785167e-01
9.314775160599572112e-01
9.492273730684326338e-01
9.264531435349940836e-01
9.367231638418078710e-01
9.297893681043128966e-01
9.352941176470588314e-01
9.467592592592593004e-01
9.560185185185184897e-01
9.684782608695652328e-01
9.755579171094580504e-01
9.632265717674970418e-01
9.851222104144526925e-01
9.943946188340807568e-01
9.977924944812361918e-01
9.947257383966244815e-01
9.929411764705882160e-01
9.979508196721311730e-01
1.000000000000000000e+00
9.988137603795966823e-01
1.000000000000000000e+00
9.966629588431590303e-01
1.000000000000000000e+00
9.988331388564760660e-01
9.988610478359908340e-01
9.907407407407406996e-01
1.000000000000000000e+00
1.000000000000000000e+00
9.913043478260870067e-01
1.000000000000000000e+00
1.000000000000000000e+00
9.894117647058823239e-01
9.911699779249447673e-01
9.988700564971751961e-01
1.000000000000000000e+00
1.000000000000000000e+00
1.000000000000000000e+00
1.000000000000000000e+00
1.000000000000000000e+00
9.912376779846658881e-01
9.987623762376237613e-01
1.000000000000000000e+00
1.000000000000000000e+00
1.000000000000000000e+00
1.000000000000000000e+00
1.000000000000000000e+00
9.911012235817575622e-01
9.908151549942594283e-01
1.000000000000000000e+00
1.000000000000000000e+00
9.989212513484357903e-01
9.988137603795966823e-01
9.988331388564760660e-01
9.976662777129521320e-01
9.824753559693318872e-01
9.913043478260870067e-01
9.919191919191918672e-01
1.000000000000000000e+00
