2.966666666666666896e-01
3.733333333333333504e-01
4.949999999999999956e-01
6.233333333333332948e-01
7.233333333333333837e-01
8.016666666666666385e-01
8.866666666666667140e-01
9.333333333333333481e-01
9.749999999999999778e-01
9.699999999999999734e-01
9.666666666666666741e-01
9.649999999999999689e-01
9.699999999999999734e-01
9.816666666666666874e-01
9.783333333333333881e-01
9.899999999999999911e-01
9.799999999999999822e-01
9.883333333333332860e-01
9.816666666666666874e-01
9.899999999999999911e-01
9.933333333333332904e-01
9.883333333333332860e-01
9.966666666666667007e-01
9.966666666666667007e-01
9.949999999999999956e-01
9.899999999999999911e-01
9.966666666666667007e-01
9.949999999999999956e-01
9.966666666666667007e-01
9.966666666666667007e-01
9.933333333333332904e-01
9.949999999999999956e-01
9.933333333333332904e-01
9.983333333333332948e-01
9.933333333333332904e-01
9.966666666666667007e-01
1.000000000000000000e+00
9.966666666666667007e-01
9.966666666666667007e-01
9.966666666666667007e-01
1.000000000000000000e+00
1.000000000000000000e+00
9.983333333333332948e-01
1.000000000000000000e+00
9.983333333333332948e-01
9.966666666666667007e-01
1.000000000000000000e+00
1.000000000000000000e+00
1.000000000000000000e+00
1.000000000000000000e+00
1.000000000000000000e+00
1.000000000000000000e+00
1.000000000000000000e+00
1.000000000000000000e+00
1.000000000000000000e+00
1.000000000000000000e+00
1.000000000000000000e+00
1.000000000000000000e+00
1.000000000000000000e+00
1.000000000000000000e+00
1.000000000000000000e+00
1.000000000000000000e+00
1.000000000000000000e+00
1.000000000000000000e+00
1.000000000000000000e+00
1.000000000000000000e+00
1.000000000000000000e+00
1.000000000000000000e+00
1.000000000000000000e+00
1.000000000000000000e+00
