2.718632459640502930e+00
2.397917270660400391e+00
2.075566291809082031e+00
1.765301942825317383e+00
1.445433139801025391e+00
1.133388519287109375e+00
8.206470012664794922e-01
5.332143902778625488e-01
5.126644968986511230e-01
4.991317689418792725e-01
4.912264943122863770e-01
4.837708175182342529e-01
4.757648110389709473e-01
4.681518971920013428e-01
4.608367383480072021e-01
4.525145888328552246e-01
4.434948861598968506e-01
4.373074769973754883e-01
4.289076328277587891e-01
4.190557301044464111e-01
4.121940433979034424e-01
4.033988714218139648e-01
3.992743790149688721e-01
3.859858214855194092e-01
3.797677457332611084e-01
3.695814907550811768e-01
3.637709319591522217e-01
3.605179786682128906e-01
3.501547873020172119e-01
3.387606739997863770e-01
3.321593403816223145e-01
3.295249342918395996e-01
3.178578317165374756e-01
3.079187870025634766e-01
3.054212331771850586e-01
2.950067818164825439e-01
2.853325009346008301e-01
2.814344167709350586e-01
2.694538831710815430e-01
2.682756781578063965e-01
2.571443319320678711e-01
2.509173452854156494e-01
2.411770075559616089e-01
2.312766462564468384e-01
2.249050438404083252e-01
2.152460515499114990e-01
2.074946016073226929e-01
2.002944797277450562e-01
1.908667832612991333e-01
1.824366450309753418e-01
1.735527068376541138e-01
1.714874058961868286e-01
1.623876243829727173e-01
1.459779292345046997e-01
1.341110020875930786e-01
1.328354328870773315e-01
1.257662773132324219e-01
1.203861087560653687e-01
1.177091971039772034e-01
1.061576977372169495e-01
9.132199734449386597e-02
9.033434838056564331e-02
8.261515945196151733e-02
7.701972872018814087e-02
7.330501079559326172e-02
6.641333550214767456e-02
6.742215156555175781e-02
5.809214338660240173e-02
5.100101977586746216e-02
5.912569537758827209e-02
