5.990000000000000000e+02
1.199000000000000000e+03
1.799000000000000000e+03
2.399000000000000000e+03
2.999000000000000000e+03
3.599000000000000000e+03
4.199000000000000000e+03
4.799000000000000000e+03
5.399000000000000000e+03
5.999000000000000000e+03
6.599000000000000000e+03
7.199000000000000000e+03
7.799000000000000000e+03
8.399000000000000000e+03
8.999000000000000000e+03
9.599000000000000000e+03
1.019900000000000000e+04
1.079900000000000000e+04
1.139900000000000000e+04
1.199900000000000000e+04
1.259900000000000000e+04
1.319900000000000000e+04
1.379900000000000000e+04
1.439900000000000000e+04
1.499900000000000000e+04
1.559900000000000000e+04
1.619900000000000000e+04
1.679900000000000000e+04
1.739900000000000000e+04
1.799900000000000000e+04
1.859900000000000000e+04
1.919900000000000000e+04
1.979900000000000000e+04
2.039900000000000000e+04
2.099900000000000000e+04
2.159900000000000000e+04
2.219900000000000000e+04
2.279900000000000000e+04
2.339900000000000000e+04
2.399900000000000000e+04
2.459900000000000000e+04
2.519900000000000000e+04
2.579900000000000000e+04
2.639900000000000000e+04
2.699900000000000000e+04
2.759900000000000000e+04
2.819900000000000000e+04
2.879900000000000000e+04
2.939900000000000000e+04
2.999900000000000000e+04
3.059900000000000000e+04
3.119900000000000000e+04
3.179900000000000000e+04
3.239900000000000000e+04
3.299900000000000000e+04
3.359900000000000000e+04
3.419900000000000000e+04
3.479900000000000000e+04
3.539900000000000000e+04
3.599900000000000000e+04
3.659900000000000000e+04
3.719900000000000000e+04
3.779900000000000000e+04
3.839900000000000000e+04
3.899900000000000000e+04
3.959900000000000000e+04
4.019900000000000000e+04
4.079900000000000000e+04
4.139900000000000000e+04
4.199900000000000000e+04
