6.199081690283492208e-05
3.724237103597261012e-05
4.739026189781725407e-05
4.132866888539865613e-05
4.079381687915883958e-05
3.157536048092879355e-05
4.363894549896940589e-05
5.272706403047777712e-05
1.880606032500509173e-05
1.262009118363494053e-05
1.362760849588084966e-05
1.548528598505072296e-05
1.555422932142391801e-05
1.432478438800899312e-05
2.308905095560476184e-05
1.546283601783216000e-05
1.324812546954490244e-05
1.330296163359889761e-05
1.453061940992483869e-05
1.462797354179201648e-05
1.817286101868376136e-05
8.878708285919856280e-06
1.540045013825874776e-05
2.508600482542533427e-05
1.305182740907184780e-05
2.276758277730550617e-05
1.725117363093886524e-05
2.095778836519457400e-05
1.140177209890680388e-05
1.491030070610577241e-05
1.899957715068012476e-05
1.408497519150841981e-05
9.668866368883755058e-06
1.972119025595020503e-05
1.390139277646085247e-05
2.157410017389338464e-05
1.235604304383741692e-05
1.781344326445832849e-05
1.500229063822189346e-05
2.047757334366906434e-05
1.470704864914296195e-05
1.630385668249800801e-05
1.954277286131400615e-05
1.980622619157657027e-05
1.339336267847102135e-05
1.915097163873724639e-05
1.307268939854111522e-05
1.411795619787881151e-05
2.134283386112656444e-05
1.572449946252163500e-05
1.982569665415212512e-05
1.344660904578631744e-05
2.473493441357277334e-05
2.037862941506318748e-05
1.449545197829138488e-05
1.276473176403669640e-05
1.252432684850646183e-05
1.252293623110745102e-05
1.645783595449756831e-05
1.518309090897673741e-05
1.756230994942598045e-05
1.354813593934522942e-05
1.330832674284465611e-05
1.299182531511178240e-05
2.063095598714426160e-05
1.366456308460328728e-05
1.625637196411844343e-05
1.677254840615205467e-05
1.184662141895387322e-05
2.026538095378782600e-05
