1.000000000000000000e+00
1.000000000000000000e+00
9.989969909729187192e-01
9.977220956719817790e-01
9.968586387434554830e-01
9.989130434782608203e-01
9.979057591623036183e-01
1.000000000000000000e+00
9.988518943742824563e-01
9.942129629629629095e-01
1.000000000000000000e+00
9.988518943742824563e-01
9.988425925925925597e-01
1.000000000000000000e+00
9.956521739130435034e-01
1.000000000000000000e+00
1.000000000000000000e+00
9.987730061349693322e-01
1.000000000000000000e+00
1.000000000000000000e+00
1.000000000000000000e+00
1.000000000000000000e+00
9.947257383966244815e-01
9.989293361884368228e-01
1.000000000000000000e+00
9.989373007438895335e-01
9.878587196467991660e-01
